#################################################################################################################################################################################################
#      #          -10          -9          -8          -7         -6         -5        -4        -3       -2       -1 0       1       2       3       4       5       6       7       8       9 #
#################################################################################################################################################################################################
#      #  4.53999e-05  0.00012341 0.000335463 0.000911882 0.00247875 0.00673795 0.0183156 0.0497871 0.135335 0.367879 1 2.71828 7.38906 20.0855 54.5982 148.413 403.429 1096.63 2980.96 8103.08 #
#################################################################################################################################################################################################
#   10 #      1342.59     442.275     127.382     30.9318    6.00571   0.864039 0.0967193 0.0533258 0.135379 0.367879 1 2.71828   7.389 20.0797 54.4431 146.381 386.234 988.592 2432.12 5720.68 #
#   20 #      13.3968     1.51427    0.132311   0.0091857 0.00281372 0.00674505 0.0183154  0.049787 0.135335 0.367879 1 2.71828 7.38906 20.0855 54.5982 148.413 403.428 1096.62 2980.68 8099.52 #
#   30 #  0.000852285 0.000216074 0.000349571 0.000913925 0.00247706 0.00673746 0.0183153  0.049787 0.135335 0.367879 1 2.71828 7.38906 20.0855 54.5982 148.413 403.429 1096.63 2980.96 8103.08 #
#   40 # -7.26547e-05 0.000179916 0.000348609 0.000913909 0.00247706 0.00673746 0.0183153  0.049787 0.135335 0.367879 1 2.71828 7.38906 20.0855 54.5982 148.413 403.429 1096.63 2980.96 8103.08 #
#   50 # -7.26571e-05 0.000179916 0.000348609 0.000913909 0.00247706 0.00673746 0.0183153  0.049787 0.135335 0.367879 1 2.71828 7.38906 20.0855 54.5982 148.413 403.429 1096.63 2980.96 8103.08 #
#   60 # -7.26571e-05 0.000179916 0.000348609 0.000913909 0.00247706 0.00673746 0.0183153  0.049787 0.135335 0.367879 1 2.71828 7.38906 20.0855 54.5982 148.413 403.429 1096.63 2980.96 8103.08 #
#   70 # -7.26571e-05 0.000179916 0.000348609 0.000913909 0.00247706 0.00673746 0.0183153  0.049787 0.135335 0.367879 1 2.71828 7.38906 20.0855 54.5982 148.413 403.429 1096.63 2980.96 8103.08 #
#   80 # -7.26571e-05 0.000179916 0.000348609 0.000913909 0.00247706 0.00673746 0.0183153  0.049787 0.135335 0.367879 1 2.71828 7.38906 20.0855 54.5982 148.413 403.429 1096.63 2980.96 8103.08 #
#   90 # -7.26571e-05 0.000179916 0.000348609 0.000913909 0.00247706 0.00673746 0.0183153  0.049787 0.135335 0.367879 1 2.71828 7.38906 20.0855 54.5982 148.413 403.429 1096.63 2980.96 8103.08 #
#  100 # -7.26571e-05 0.000179916 0.000348609 0.000913909 0.00247706 0.00673746 0.0183153  0.049787 0.135335 0.367879 1 2.71828 7.38906 20.0855 54.5982 148.413 403.429 1096.63 2980.96 8103.08 #
#  110 # -7.26571e-05 0.000179916 0.000348609 0.000913909 0.00247706 0.00673746 0.0183153  0.049787 0.135335 0.367879 1 2.71828 7.38906 20.0855 54.5982 148.413 403.429 1096.63 2980.96 8103.08 #
#  120 # -7.26571e-05 0.000179916 0.000348609 0.000913909 0.00247706 0.00673746 0.0183153  0.049787 0.135335 0.367879 1 2.71828 7.38906 20.0855 54.5982 148.413 403.429 1096.63 2980.96 8103.08 #
#  130 # -7.26571e-05 0.000179916 0.000348609 0.000913909 0.00247706 0.00673746 0.0183153  0.049787 0.135335 0.367879 1 2.71828 7.38906 20.0855 54.5982 148.413 403.429 1096.63 2980.96 8103.08 #
#  140 # -7.26571e-05 0.000179916 0.000348609 0.000913909 0.00247706 0.00673746 0.0183153  0.049787 0.135335 0.367879 1 2.71828 7.38906 20.0855 54.5982 148.413 403.429 1096.63 2980.96 8103.08 #
#  150 # -7.26571e-05 0.000179916 0.000348609 0.000913909 0.00247706 0.00673746 0.0183153  0.049787 0.135335 0.367879 1 2.71828 7.38906 20.0855 54.5982 148.413 403.429 1096.63 2980.96 8103.08 #
#  160 # -7.26571e-05 0.000179916 0.000348609 0.000913909 0.00247706 0.00673746 0.0183153  0.049787 0.135335 0.367879 1 2.71828 7.38906 20.0855 54.5982 148.413 403.429 1096.63 2980.96 8103.08 #
#  170 # -7.26571e-05 0.000179916 0.000348609 0.000913909 0.00247706 0.00673746 0.0183153  0.049787 0.135335 0.367879 1 2.71828 7.38906 20.0855 54.5982 148.413 403.429 1096.63 2980.96 8103.08 #
#  180 # -7.26571e-05 0.000179916 0.000348609 0.000913909 0.00247706 0.00673746 0.0183153  0.049787 0.135335 0.367879 1 2.71828 7.38906 20.0855 54.5982 148.413 403.429 1096.63 2980.96 8103.08 #
#  190 # -7.26571e-05 0.000179916 0.000348609 0.000913909 0.00247706 0.00673746 0.0183153  0.049787 0.135335 0.367879 1 2.71828 7.38906 20.0855 54.5982 148.413 403.429 1096.63 2980.96 8103.08 #
#  200 # -7.26571e-05 0.000179916 0.000348609 0.000913909 0.00247706 0.00673746 0.0183153  0.049787 0.135335 0.367879 1 2.71828 7.38906 20.0855 54.5982 148.413 403.429 1096.63 2980.96 8103.08 #
#  210 # -7.26571e-05 0.000179916 0.000348609 0.000913909 0.00247706 0.00673746 0.0183153  0.049787 0.135335 0.367879 1 2.71828 7.38906 20.0855 54.5982 148.413 403.429 1096.63 2980.96 8103.08 #
#  220 # -7.26571e-05 0.000179916 0.000348609 0.000913909 0.00247706 0.00673746 0.0183153  0.049787 0.135335 0.367879 1 2.71828 7.38906 20.0855 54.5982 148.413 403.429 1096.63 2980.96 8103.08 #
#  230 # -7.26571e-05 0.000179916 0.000348609 0.000913909 0.00247706 0.00673746 0.0183153  0.049787 0.135335 0.367879 1 2.71828 7.38906 20.0855 54.5982 148.413 403.429 1096.63 2980.96 8103.08 #
#  240 # -7.26571e-05 0.000179916 0.000348609 0.000913909 0.00247706 0.00673746 0.0183153  0.049787 0.135335 0.367879 1 2.71828 7.38906 20.0855 54.5982 148.413 403.429 1096.63 2980.96 8103.08 #
#  250 # -7.26571e-05 0.000179916 0.000348609 0.000913909 0.00247706 0.00673746 0.0183153  0.049787 0.135335 0.367879 1 2.71828 7.38906 20.0855 54.5982 148.413 403.429 1096.63 2980.96 8103.08 #
#  260 # -7.26571e-05 0.000179916 0.000348609 0.000913909 0.00247706 0.00673746 0.0183153  0.049787 0.135335 0.367879 1 2.71828 7.38906 20.0855 54.5982 148.413 403.429 1096.63 2980.96 8103.08 #
#  270 # -7.26571e-05 0.000179916 0.000348609 0.000913909 0.00247706 0.00673746 0.0183153  0.049787 0.135335 0.367879 1 2.71828 7.38906 20.0855 54.5982 148.413 403.429 1096.63 2980.96 8103.08 #
#  280 # -7.26571e-05 0.000179916 0.000348609 0.000913909 0.00247706 0.00673746 0.0183153  0.049787 0.135335 0.367879 1 2.71828 7.38906 20.0855 54.5982 148.413 403.429 1096.63 2980.96 8103.08 #
#  290 # -7.26571e-05 0.000179916 0.000348609 0.000913909 0.00247706 0.00673746 0.0183153  0.049787 0.135335 0.367879 1 2.71828 7.38906 20.0855 54.5982 148.413 403.429 1096.63 2980.96 8103.08 #
#  300 # -7.26571e-05 0.000179916 0.000348609 0.000913909 0.00247706 0.00673746 0.0183153  0.049787 0.135335 0.367879 1 2.71828 7.38906 20.0855 54.5982 148.413 403.429 1096.63 2980.96 8103.08 #
#  310 # -7.26571e-05 0.000179916 0.000348609 0.000913909 0.00247706 0.00673746 0.0183153  0.049787 0.135335 0.367879 1 2.71828 7.38906 20.0855 54.5982 148.413 403.429 1096.63 2980.96 8103.08 #
#  320 # -7.26571e-05 0.000179916 0.000348609 0.000913909 0.00247706 0.00673746 0.0183153  0.049787 0.135335 0.367879 1 2.71828 7.38906 20.0855 54.5982 148.413 403.429 1096.63 2980.96 8103.08 #
#  330 # -7.26571e-05 0.000179916 0.000348609 0.000913909 0.00247706 0.00673746 0.0183153  0.049787 0.135335 0.367879 1 2.71828 7.38906 20.0855 54.5982 148.413 403.429 1096.63 2980.96 8103.08 #
#  340 # -7.26571e-05 0.000179916 0.000348609 0.000913909 0.00247706 0.00673746 0.0183153  0.049787 0.135335 0.367879 1 2.71828 7.38906 20.0855 54.5982 148.413 403.429 1096.63 2980.96 8103.08 #
#  350 # -7.26571e-05 0.000179916 0.000348609 0.000913909 0.00247706 0.00673746 0.0183153  0.049787 0.135335 0.367879 1 2.71828 7.38906 20.0855 54.5982 148.413 403.429 1096.63 2980.96 8103.08 #
#  360 # -7.26571e-05 0.000179916 0.000348609 0.000913909 0.00247706 0.00673746 0.0183153  0.049787 0.135335 0.367879 1 2.71828 7.38906 20.0855 54.5982 148.413 403.429 1096.63 2980.96 8103.08 #
#  370 # -7.26571e-05 0.000179916 0.000348609 0.000913909 0.00247706 0.00673746 0.0183153  0.049787 0.135335 0.367879 1 2.71828 7.38906 20.0855 54.5982 148.413 403.429 1096.63 2980.96 8103.08 #
#  380 # -7.26571e-05 0.000179916 0.000348609 0.000913909 0.00247706 0.00673746 0.0183153  0.049787 0.135335 0.367879 1 2.71828 7.38906 20.0855 54.5982 148.413 403.429 1096.63 2980.96 8103.08 #
#  390 # -7.26571e-05 0.000179916 0.000348609 0.000913909 0.00247706 0.00673746 0.0183153  0.049787 0.135335 0.367879 1 2.71828 7.38906 20.0855 54.5982 148.413 403.429 1096.63 2980.96 8103.08 #
#  400 # -7.26571e-05 0.000179916 0.000348609 0.000913909 0.00247706 0.00673746 0.0183153  0.049787 0.135335 0.367879 1 2.71828 7.38906 20.0855 54.5982 148.413 403.429 1096.63 2980.96 8103.08 #
#  410 # -7.26571e-05 0.000179916 0.000348609 0.000913909 0.00247706 0.00673746 0.0183153  0.049787 0.135335 0.367879 1 2.71828 7.38906 20.0855 54.5982 148.413 403.429 1096.63 2980.96 8103.08 #
#  420 # -7.26571e-05 0.000179916 0.000348609 0.000913909 0.00247706 0.00673746 0.0183153  0.049787 0.135335 0.367879 1 2.71828 7.38906 20.0855 54.5982 148.413 403.429 1096.63 2980.96 8103.08 #
#  430 # -7.26571e-05 0.000179916 0.000348609 0.000913909 0.00247706 0.00673746 0.0183153  0.049787 0.135335 0.367879 1 2.71828 7.38906 20.0855 54.5982 148.413 403.429 1096.63 2980.96 8103.08 #
#  440 # -7.26571e-05 0.000179916 0.000348609 0.000913909 0.00247706 0.00673746 0.0183153  0.049787 0.135335 0.367879 1 2.71828 7.38906 20.0855 54.5982 148.413 403.429 1096.63 2980.96 8103.08 #
#  450 # -7.26571e-05 0.000179916 0.000348609 0.000913909 0.00247706 0.00673746 0.0183153  0.049787 0.135335 0.367879 1 2.71828 7.38906 20.0855 54.5982 148.413 403.429 1096.63 2980.96 8103.08 #
#  460 # -7.26571e-05 0.000179916 0.000348609 0.000913909 0.00247706 0.00673746 0.0183153  0.049787 0.135335 0.367879 1 2.71828 7.38906 20.0855 54.5982 148.413 403.429 1096.63 2980.96 8103.08 #
#  470 # -7.26571e-05 0.000179916 0.000348609 0.000913909 0.00247706 0.00673746 0.0183153  0.049787 0.135335 0.367879 1 2.71828 7.38906 20.0855 54.5982 148.413 403.429 1096.63 2980.96 8103.08 #
#  480 # -7.26571e-05 0.000179916 0.000348609 0.000913909 0.00247706 0.00673746 0.0183153  0.049787 0.135335 0.367879 1 2.71828 7.38906 20.0855 54.5982 148.413 403.429 1096.63 2980.96 8103.08 #
#  490 # -7.26571e-05 0.000179916 0.000348609 0.000913909 0.00247706 0.00673746 0.0183153  0.049787 0.135335 0.367879 1 2.71828 7.38906 20.0855 54.5982 148.413 403.429 1096.63 2980.96 8103.08 #
#  500 # -7.26571e-05 0.000179916 0.000348609 0.000913909 0.00247706 0.00673746 0.0183153  0.049787 0.135335 0.367879 1 2.71828 7.38906 20.0855 54.5982 148.413 403.429 1096.63 2980.96 8103.08 #
#  510 # -7.26571e-05 0.000179916 0.000348609 0.000913909 0.00247706 0.00673746 0.0183153  0.049787 0.135335 0.367879 1 2.71828 7.38906 20.0855 54.5982 148.413 403.429 1096.63 2980.96 8103.08 #
#  520 # -7.26571e-05 0.000179916 0.000348609 0.000913909 0.00247706 0.00673746 0.0183153  0.049787 0.135335 0.367879 1 2.71828 7.38906 20.0855 54.5982 148.413 403.429 1096.63 2980.96 8103.08 #
#  530 # -7.26571e-05 0.000179916 0.000348609 0.000913909 0.00247706 0.00673746 0.0183153  0.049787 0.135335 0.367879 1 2.71828 7.38906 20.0855 54.5982 148.413 403.429 1096.63 2980.96 8103.08 #
#  540 # -7.26571e-05 0.000179916 0.000348609 0.000913909 0.00247706 0.00673746 0.0183153  0.049787 0.135335 0.367879 1 2.71828 7.38906 20.0855 54.5982 148.413 403.429 1096.63 2980.96 8103.08 #
#  550 # -7.26571e-05 0.000179916 0.000348609 0.000913909 0.00247706 0.00673746 0.0183153  0.049787 0.135335 0.367879 1 2.71828 7.38906 20.0855 54.5982 148.413 403.429 1096.63 2980.96 8103.08 #
#  560 # -7.26571e-05 0.000179916 0.000348609 0.000913909 0.00247706 0.00673746 0.0183153  0.049787 0.135335 0.367879 1 2.71828 7.38906 20.0855 54.5982 148.413 403.429 1096.63 2980.96 8103.08 #
#  570 # -7.26571e-05 0.000179916 0.000348609 0.000913909 0.00247706 0.00673746 0.0183153  0.049787 0.135335 0.367879 1 2.71828 7.38906 20.0855 54.5982 148.413 403.429 1096.63 2980.96 8103.08 #
#  580 # -7.26571e-05 0.000179916 0.000348609 0.000913909 0.00247706 0.00673746 0.0183153  0.049787 0.135335 0.367879 1 2.71828 7.38906 20.0855 54.5982 148.413 403.429 1096.63 2980.96 8103.08 #
#  590 # -7.26571e-05 0.000179916 0.000348609 0.000913909 0.00247706 0.00673746 0.0183153  0.049787 0.135335 0.367879 1 2.71828 7.38906 20.0855 54.5982 148.413 403.429 1096.63 2980.96 8103.08 #
#  600 # -7.26571e-05 0.000179916 0.000348609 0.000913909 0.00247706 0.00673746 0.0183153  0.049787 0.135335 0.367879 1 2.71828 7.38906 20.0855 54.5982 148.413 403.429 1096.63 2980.96 8103.08 #
#  610 # -7.26571e-05 0.000179916 0.000348609 0.000913909 0.00247706 0.00673746 0.0183153  0.049787 0.135335 0.367879 1 2.71828 7.38906 20.0855 54.5982 148.413 403.429 1096.63 2980.96 8103.08 #
#  620 # -7.26571e-05 0.000179916 0.000348609 0.000913909 0.00247706 0.00673746 0.0183153  0.049787 0.135335 0.367879 1 2.71828 7.38906 20.0855 54.5982 148.413 403.429 1096.63 2980.96 8103.08 #
#  630 # -7.26571e-05 0.000179916 0.000348609 0.000913909 0.00247706 0.00673746 0.0183153  0.049787 0.135335 0.367879 1 2.71828 7.38906 20.0855 54.5982 148.413 403.429 1096.63 2980.96 8103.08 #
#  640 # -7.26571e-05 0.000179916 0.000348609 0.000913909 0.00247706 0.00673746 0.0183153  0.049787 0.135335 0.367879 1 2.71828 7.38906 20.0855 54.5982 148.413 403.429 1096.63 2980.96 8103.08 #
#  650 # -7.26571e-05 0.000179916 0.000348609 0.000913909 0.00247706 0.00673746 0.0183153  0.049787 0.135335 0.367879 1 2.71828 7.38906 20.0855 54.5982 148.413 403.429 1096.63 2980.96 8103.08 #
#  660 # -7.26571e-05 0.000179916 0.000348609 0.000913909 0.00247706 0.00673746 0.0183153  0.049787 0.135335 0.367879 1 2.71828 7.38906 20.0855 54.5982 148.413 403.429 1096.63 2980.96 8103.08 #
#  670 # -7.26571e-05 0.000179916 0.000348609 0.000913909 0.00247706 0.00673746 0.0183153  0.049787 0.135335 0.367879 1 2.71828 7.38906 20.0855 54.5982 148.413 403.429 1096.63 2980.96 8103.08 #
#  680 # -7.26571e-05 0.000179916 0.000348609 0.000913909 0.00247706 0.00673746 0.0183153  0.049787 0.135335 0.367879 1 2.71828 7.38906 20.0855 54.5982 148.413 403.429 1096.63 2980.96 8103.08 #
#  690 # -7.26571e-05 0.000179916 0.000348609 0.000913909 0.00247706 0.00673746 0.0183153  0.049787 0.135335 0.367879 1 2.71828 7.38906 20.0855 54.5982 148.413 403.429 1096.63 2980.96 8103.08 #
#  700 # -7.26571e-05 0.000179916 0.000348609 0.000913909 0.00247706 0.00673746 0.0183153  0.049787 0.135335 0.367879 1 2.71828 7.38906 20.0855 54.5982 148.413 403.429 1096.63 2980.96 8103.08 #
#  710 # -7.26571e-05 0.000179916 0.000348609 0.000913909 0.00247706 0.00673746 0.0183153  0.049787 0.135335 0.367879 1 2.71828 7.38906 20.0855 54.5982 148.413 403.429 1096.63 2980.96 8103.08 #
#  720 # -7.26571e-05 0.000179916 0.000348609 0.000913909 0.00247706 0.00673746 0.0183153  0.049787 0.135335 0.367879 1 2.71828 7.38906 20.0855 54.5982 148.413 403.429 1096.63 2980.96 8103.08 #
#  730 # -7.26571e-05 0.000179916 0.000348609 0.000913909 0.00247706 0.00673746 0.0183153  0.049787 0.135335 0.367879 1 2.71828 7.38906 20.0855 54.5982 148.413 403.429 1096.63 2980.96 8103.08 #
#  740 # -7.26571e-05 0.000179916 0.000348609 0.000913909 0.00247706 0.00673746 0.0183153  0.049787 0.135335 0.367879 1 2.71828 7.38906 20.0855 54.5982 148.413 403.429 1096.63 2980.96 8103.08 #
#  750 # -7.26571e-05 0.000179916 0.000348609 0.000913909 0.00247706 0.00673746 0.0183153  0.049787 0.135335 0.367879 1 2.71828 7.38906 20.0855 54.5982 148.413 403.429 1096.63 2980.96 8103.08 #
#  760 # -7.26571e-05 0.000179916 0.000348609 0.000913909 0.00247706 0.00673746 0.0183153  0.049787 0.135335 0.367879 1 2.71828 7.38906 20.0855 54.5982 148.413 403.429 1096.63 2980.96 8103.08 #
#  770 # -7.26571e-05 0.000179916 0.000348609 0.000913909 0.00247706 0.00673746 0.0183153  0.049787 0.135335 0.367879 1 2.71828 7.38906 20.0855 54.5982 148.413 403.429 1096.63 2980.96 8103.08 #
#  780 # -7.26571e-05 0.000179916 0.000348609 0.000913909 0.00247706 0.00673746 0.0183153  0.049787 0.135335 0.367879 1 2.71828 7.38906 20.0855 54.5982 148.413 403.429 1096.63 2980.96 8103.08 #
#  790 # -7.26571e-05 0.000179916 0.000348609 0.000913909 0.00247706 0.00673746 0.0183153  0.049787 0.135335 0.367879 1 2.71828 7.38906 20.0855 54.5982 148.413 403.429 1096.63 2980.96 8103.08 #
#  800 # -7.26571e-05 0.000179916 0.000348609 0.000913909 0.00247706 0.00673746 0.0183153  0.049787 0.135335 0.367879 1 2.71828 7.38906 20.0855 54.5982 148.413 403.429 1096.63 2980.96 8103.08 #
#  810 # -7.26571e-05 0.000179916 0.000348609 0.000913909 0.00247706 0.00673746 0.0183153  0.049787 0.135335 0.367879 1 2.71828 7.38906 20.0855 54.5982 148.413 403.429 1096.63 2980.96 8103.08 #
#  820 # -7.26571e-05 0.000179916 0.000348609 0.000913909 0.00247706 0.00673746 0.0183153  0.049787 0.135335 0.367879 1 2.71828 7.38906 20.0855 54.5982 148.413 403.429 1096.63 2980.96 8103.08 #
#  830 # -7.26571e-05 0.000179916 0.000348609 0.000913909 0.00247706 0.00673746 0.0183153  0.049787 0.135335 0.367879 1 2.71828 7.38906 20.0855 54.5982 148.413 403.429 1096.63 2980.96 8103.08 #
#  840 # -7.26571e-05 0.000179916 0.000348609 0.000913909 0.00247706 0.00673746 0.0183153  0.049787 0.135335 0.367879 1 2.71828 7.38906 20.0855 54.5982 148.413 403.429 1096.63 2980.96 8103.08 #
#  850 # -7.26571e-05 0.000179916 0.000348609 0.000913909 0.00247706 0.00673746 0.0183153  0.049787 0.135335 0.367879 1 2.71828 7.38906 20.0855 54.5982 148.413 403.429 1096.63 2980.96 8103.08 #
#  860 # -7.26571e-05 0.000179916 0.000348609 0.000913909 0.00247706 0.00673746 0.0183153  0.049787 0.135335 0.367879 1 2.71828 7.38906 20.0855 54.5982 148.413 403.429 1096.63 2980.96 8103.08 #
#  870 # -7.26571e-05 0.000179916 0.000348609 0.000913909 0.00247706 0.00673746 0.0183153  0.049787 0.135335 0.367879 1 2.71828 7.38906 20.0855 54.5982 148.413 403.429 1096.63 2980.96 8103.08 #
#  880 # -7.26571e-05 0.000179916 0.000348609 0.000913909 0.00247706 0.00673746 0.0183153  0.049787 0.135335 0.367879 1 2.71828 7.38906 20.0855 54.5982 148.413 403.429 1096.63 2980.96 8103.08 #
#  890 # -7.26571e-05 0.000179916 0.000348609 0.000913909 0.00247706 0.00673746 0.0183153  0.049787 0.135335 0.367879 1 2.71828 7.38906 20.0855 54.5982 148.413 403.429 1096.63 2980.96 8103.08 #
#  900 # -7.26571e-05 0.000179916 0.000348609 0.000913909 0.00247706 0.00673746 0.0183153  0.049787 0.135335 0.367879 1 2.71828 7.38906 20.0855 54.5982 148.413 403.429 1096.63 2980.96 8103.08 #
#  910 # -7.26571e-05 0.000179916 0.000348609 0.000913909 0.00247706 0.00673746 0.0183153  0.049787 0.135335 0.367879 1 2.71828 7.38906 20.0855 54.5982 148.413 403.429 1096.63 2980.96 8103.08 #
#  920 # -7.26571e-05 0.000179916 0.000348609 0.000913909 0.00247706 0.00673746 0.0183153  0.049787 0.135335 0.367879 1 2.71828 7.38906 20.0855 54.5982 148.413 403.429 1096.63 2980.96 8103.08 #
#  930 # -7.26571e-05 0.000179916 0.000348609 0.000913909 0.00247706 0.00673746 0.0183153  0.049787 0.135335 0.367879 1 2.71828 7.38906 20.0855 54.5982 148.413 403.429 1096.63 2980.96 8103.08 #
#  940 # -7.26571e-05 0.000179916 0.000348609 0.000913909 0.00247706 0.00673746 0.0183153  0.049787 0.135335 0.367879 1 2.71828 7.38906 20.0855 54.5982 148.413 403.429 1096.63 2980.96 8103.08 #
#  950 # -7.26571e-05 0.000179916 0.000348609 0.000913909 0.00247706 0.00673746 0.0183153  0.049787 0.135335 0.367879 1 2.71828 7.38906 20.0855 54.5982 148.413 403.429 1096.63 2980.96 8103.08 #
#  960 # -7.26571e-05 0.000179916 0.000348609 0.000913909 0.00247706 0.00673746 0.0183153  0.049787 0.135335 0.367879 1 2.71828 7.38906 20.0855 54.5982 148.413 403.429 1096.63 2980.96 8103.08 #
#  970 # -7.26571e-05 0.000179916 0.000348609 0.000913909 0.00247706 0.00673746 0.0183153  0.049787 0.135335 0.367879 1 2.71828 7.38906 20.0855 54.5982 148.413 403.429 1096.63 2980.96 8103.08 #
#  980 # -7.26571e-05 0.000179916 0.000348609 0.000913909 0.00247706 0.00673746 0.0183153  0.049787 0.135335 0.367879 1 2.71828 7.38906 20.0855 54.5982 148.413 403.429 1096.63 2980.96 8103.08 #
#  990 # -7.26571e-05 0.000179916 0.000348609 0.000913909 0.00247706 0.00673746 0.0183153  0.049787 0.135335 0.367879 1 2.71828 7.38906 20.0855 54.5982 148.413 403.429 1096.63 2980.96 8103.08 #
# 1000 # -7.26571e-05 0.000179916 0.000348609 0.000913909 0.00247706 0.00673746 0.0183153  0.049787 0.135335 0.367879 1 2.71828 7.38906 20.0855 54.5982 148.413 403.429 1096.63 2980.96 8103.08 #
# 1010 # -7.26571e-05 0.000179916 0.000348609 0.000913909 0.00247706 0.00673746 0.0183153  0.049787 0.135335 0.367879 1 2.71828 7.38906 20.0855 54.5982 148.413 403.429 1096.63 2980.96 8103.08 #
#################################################################################################################################################################################################
